.Random.seed <-
c(403L, 10L, -602369266L, -1181487751L, 579455243L, -1007928774L, 
1865609532L, 1824185983L, -1645460011L, -1013072916L, 1290943810L, 
-526105955L, -1505562857L, 1839599230L, -1360679368L, 1353357595L, 
662060665L, -1382483256L, 150612726L, -1688427727L, -1539443869L, 
-1337013966L, 1693858436L, -139290937L, -1425744483L, 1617934612L, 
1033557946L, -12025339L, 724259807L, 1680779878L, -254695952L, 
-64527597L, -484356943L, 2109230944L, -449590018L, -1645163383L, 
421030843L, -193837686L, 1325745260L, -602513937L, 681039397L, 
1244951260L, 906700978L, 1386081197L, -1792102553L, 839974030L, 
-423069336L, -1781257877L, 485468937L, 301235608L, 1910959302L, 
-1228048863L, -1591421261L, -798852062L, -254212588L, -652313961L, 
-350636915L, -1997948508L, -198663286L, -1720545291L, -1249542577L, 
1682868566L, -76565504L, -1849213629L, 438710497L, -1582347696L, 
886961838L, 1027555929L, -1697584533L, 264396762L, 551788700L, 
-829402465L, -136216331L, -1076852340L, -1512037278L, 1980032061L, 
-1603074377L, -333634210L, -1422857064L, 558708731L, -30835303L, 
421494312L, 1595508438L, -213331119L, -1442974205L, 308132242L, 
-196786396L, 1106487783L, 1495139901L, 171716788L, -852515046L, 
-795407259L, 1428161791L, -2075957882L, 1187126032L, 1815568307L, 
287532113L, -21788672L, -1511089954L, -1991978199L, -39760165L, 
-1345397270L, 1843307916L, -1944257841L, -86915451L, 761816380L, 
-306108398L, -361527539L, -1958583225L, -2089728466L, 2135273352L, 
-74913141L, 301300841L, 71557176L, -2029344538L, 1797542017L, 
1328637971L, 977993666L, -1690367884L, -845816201L, -260128915L, 
-1606533116L, -1099711702L, -2052710251L, 1354309423L, 335717942L, 
-1191411104L, -222330717L, -1535568959L, -683384912L, -357684530L, 
109516857L, 1465097803L, -1827724294L, 1609223932L, -427097281L, 
1102597141L, 1085908780L, -1120465918L, -558518563L, -165085737L, 
-745613122L, 1099696888L, 1013485787L, -548170951L, -1555835256L, 
-397303242L, -1968473487L, -298254173L, 2012989938L, -2012501692L, 
543490567L, 382373853L, 573364436L, -986929158L, 1923637061L, 
1174932383L, -323108570L, 1933914544L, 504392275L, -1848584847L, 
-1334659936L, 1232311358L, -951198903L, -1833760261L, -1165201974L, 
-1573215444L, -970175697L, 1245319653L, -299361124L, -1946994446L, 
-1019055763L, 8011431L, 986738894L, -253223384L, 1113417259L, 
-1729074103L, 311143768L, -1971153914L, 228152801L, -1299529869L, 
-444294174L, 2068034388L, -1244864937L, 1741063757L, 2100361700L, 
-1078897718L, 1893750325L, -1635418993L, 1874482582L, -940742336L, 
829187075L, -821979615L, 1829044496L, 1994977006L, 1045762713L, 
252537643L, -82725350L, -2036343588L, -1826008865L, 791248565L, 
2053666892L, -533265246L, -1739058179L, -1043640073L, -69143010L, 
1605208280L, -1150419909L, 1598784985L, 2034672488L, 453201558L, 
1862068241L, -1062483517L, -1749977646L, -1603781532L, -1959474265L, 
822011133L, -1942519564L, 1954281434L, 2071014181L, 1031879231L, 
1472856518L, 2035824208L, -832894349L, 708505233L, -1671694656L, 
-1301749602L, 1032686697L, -943973L, -665660212L, 477695484L, 
1830861298L, 209819264L, 50107892L, -1147227512L, -525426886L, 
1409515344L, 171310188L, 1784673684L, -23378862L, -336913952L, 
-1788646196L, -865687392L, 2099513730L, 1278859496L, 129702636L, 
887801148L, -1162820494L, 1891077232L, 1630409764L, 2040614968L, 
-149331174L, -60660528L, 1164219196L, 937271188L, 561256322L, 
-1808175680L, -831720900L, 399473040L, -1278553566L, -956396280L, 
-1032887668L, 1820133148L, 745105554L, 1722509696L, 2007214612L, 
1130357544L, 1971314234L, -798240304L, 1520121196L, -1788908620L, 
-939062254L, -268330528L, -1074537524L, 310053088L, 1124761634L, 
-803009240L, 2038738444L, 421034812L, -825064462L, 1992122096L, 
-725540284L, 1164701272L, -1895660742L, 314040816L, -891654468L, 
1248472340L, -946915646L, -583108512L, -1495230596L, 455556048L, 
583953698L, 1144981160L, 1940560780L, -1669796676L, -523352270L, 
-797066688L, 629862580L, 1763170888L, -1586410054L, 1600672272L, 
-149162260L, -1595243180L, -1505643246L, 139176352L, -1030375732L, 
-518644128L, -1579693118L, -998085848L, 1949838252L, 117538620L, 
-2118746766L, -1387172048L, -445467356L, -873606344L, 1654410970L, 
-1629774960L, -439416068L, 456807316L, 1578393666L, 1535414528L, 
940170300L, -1672981168L, 313708706L, 1365902664L, -425190644L, 
666327772L, -224452270L, 1727277184L, 1717513300L, 1099371496L, 
-178721542L, -434196656L, -1678248148L, 570416500L, -196952174L, 
14101600L, 652887436L, 138724192L, 94348770L, -43248728L, -970860340L, 
-1501031428L, 321499570L, -1076478480L, -2070110268L, 687409496L, 
-1377809030L, 94173104L, -2088739396L, 959829076L, 324044738L, 
-1698011104L, -1297891140L, 205424208L, -1177896990L, 35641448L, 
-1512318900L, -1899338500L, 990894066L, 1968831744L, 1739674996L, 
474660872L, 1453675450L, -2060692016L, -715501588L, 677209492L, 
-1903631918L, 522312032L, 231430988L, -526995168L, -1012529278L, 
1203502824L, -2105923348L, 375818300L, -875348110L, -1353658768L, 
-540230620L, -2104733896L, 1031257242L, -297286960L, -562769732L, 
-1332937068L, 1446899330L, 1767014592L, 1836099388L, -956141424L, 
-875889118L, 1325460488L, 2143431948L, 363838620L, -575196654L, 
450040704L, -849795564L, 445218344L, 732085562L, 1674079696L, 
-633849748L, 1434404148L, 711346834L, -46366880L, -1430286516L, 
-2135926816L, -409302110L, -1781613656L, -1857066612L, -472912708L, 
-725548686L, 1036130544L, 1129175108L, 651158872L, 1257212474L, 
-272609424L, -880079812L, -2139311340L, -190827070L, -1689026848L, 
-908612740L, -884849968L, -1097802590L, -1465262040L, 1867331852L, 
-1426326596L, 1976511794L, 321085888L, -862283212L, 463105992L, 
644787386L, -2057555568L, -800386580L, 881894996L, -783633262L, 
401228576L, 224469452L, 2045257184L, 954029762L, -1881901016L, 
2059241132L, -908128068L, -2090689038L, 454438192L, -1802656604L, 
258042552L, 1070635354L, 1467754896L, 633231228L, -949384940L, 
1816330050L, -1098133760L, 1560474556L, 704299856L, 685764386L, 
1903703368L, -1667846644L, -21927844L, -959188782L, 695751526L, 
198569316L, -381183851L, 49748415L, -226374312L, -483249290L, 
1058918787L, 987698117L, -1213806366L, 1355640144L, 1450818681L, 
-1934733397L, 1113142556L, -774946230L, -1463531969L, 1725356681L, 
-1739096418L, 206723916L, 1240136477L, 1437469351L, -268025392L, 
1787259246L, 1372230683L, -1317061251L, -1948796054L, 391921160L, 
-2031881551L, -2032648925L, 1997016612L, 1420322002L, 965911847L, 
-548524175L, 911011254L, 834360660L, -920366107L, 836472303L, 
-876309208L, 936879494L, -1357774413L, -564929259L, -1948336270L, 
-1714811968L, 418880553L, -2042369893L, 1653110124L, 356543866L, 
-296673617L, -563362375L, -1954224178L, 988481308L, 884094605L, 
512456439L, 379910656L, 686015582L, 473679659L, 982115373L, 1979790490L, 
854685784L, 1401139137L, -781434765L, 2099968404L, 581662754L, 
-1015976137L, 1976037889L, -1210864890L, -876251324L, 1182763637L, 
-520131617L, -209211592L, 1831647510L, 1921099043L, 1657312997L, 
1721790210L, -651459216L, 1945892121L, 2047970571L, 287968764L, 
-1928780246L, 469413471L, -488583703L, -1962356994L, 167988972L, 
1638383165L, -629076473L, 1417585136L, -403005042L, -1983584325L, 
-1410707043L, 384421706L, 61453160L, -691067567L, 1535583811L, 
-1953871036L, -699295758L, -1549830713L, 1290623889L, 1538282262L, 
1363797876L, 483456517L, 755793487L, -163407288L, 1551289318L, 
920708371L, -1271121291L, 1586890834L, 150907552L, 207402889L, 
529482683L, -122141684L, 2017829274L, -91496177L, -861630631L, 
900170222L, -422007684L, -1815881491L, -1495134313L, 441890912L, 
418978366L, 815352587L, 160977293L, 418372282L, 459444472L, -112030047L, 
-32790957L, 2122996084L, 1334124290L, 1033303959L, 1073232225L, 
116834726L, -1405103196L, -1838404011L, 2000981759L, -624872552L, 
832398518L, -1033408189L, -471521147L, 1146704162L, 1595908624L, 
2074028473L, 942180971L, -629545636L, -1407495030L, 2103065727L, 
1925010889L, 1666854494L, 372092172L, 547076317L, -654486041L, 
